At time 1727763227.470970113
- Translation: [0.000, 0.000, 0.000]
- Rotation: in Quaternion [0.000, 0.000, -0.339, 0.941]
- Rotation: in RPY (radian) [0.000, 0.000, -0.692]
- Rotation: in RPY (degree) [0.000, 0.000, -39.663]
- Matrix:
  0.770  0.638  0.000  0.000
 -0.638  0.770 -0.000  0.000
 -0.000  0.000  1.000  0.000
  0.000  0.000  0.000  1.000
At time 1727763228.478699504
- Translation: [0.000, 0.000, 0.000]
- Rotation: in Quaternion [0.000, 0.000, -0.339, 0.941]
- Rotation: in RPY (radian) [0.000, 0.000, -0.692]
- Rotation: in RPY (degree) [0.000, 0.000, -39.663]
- Matrix:
  0.770  0.638  0.000  0.000
 -0.638  0.770 -0.000  0.000
 -0.000  0.000  1.000  0.000
  0.000  0.000  0.000  1.000
At time 1727763229.470316542
- Translation: [0.000, 0.000, 0.000]
- Rotation: in Quaternion [0.000, 0.000, -0.339, 0.941]
- Rotation: in RPY (radian) [0.000, 0.000, -0.692]
- Rotation: in RPY (degree) [0.000, 0.000, -39.663]
- Matrix:
  0.770  0.638  0.000  0.000
 -0.638  0.770 -0.000  0.000
 -0.000  0.000  1.000  0.000
  0.000  0.000  0.000  1.000
At time 1727763230.478860989
- Translation: [0.000, 0.000, 0.000]
- Rotation: in Quaternion [0.000, 0.000, -0.339, 0.941]
- Rotation: in RPY (radian) [0.000, 0.000, -0.692]
- Rotation: in RPY (degree) [0.000, 0.000, -39.663]
- Matrix:
  0.770  0.638  0.000  0.000
 -0.638  0.770 -0.000  0.000
 -0.000  0.000  1.000  0.000
  0.000  0.000  0.000  1.000
At time 1727763231.470853214
- Translation: [0.000, 0.000, 0.000]
- Rotation: in Quaternion [0.000, 0.000, -0.339, 0.941]
- Rotation: in RPY (radian) [0.000, 0.000, -0.692]
- Rotation: in RPY (degree) [0.000, 0.000, -39.663]
- Matrix:
  0.770  0.638  0.000  0.000
 -0.638  0.770 -0.000  0.000
 -0.000  0.000  1.000  0.000
  0.000  0.000  0.000  1.000
At time 1727763232.478984956
- Translation: [0.000, 0.000, 0.000]
- Rotation: in Quaternion [0.000, 0.000, -0.339, 0.941]
- Rotation: in RPY (radian) [0.000, 0.000, -0.692]
- Rotation: in RPY (degree) [0.000, 0.000, -39.663]
- Matrix:
  0.770  0.638  0.000  0.000
 -0.638  0.770 -0.000  0.000
 -0.000  0.000  1.000  0.000
  0.000  0.000  0.000  1.000
At time 1727763233.470835885
- Translation: [0.000, 0.000, 0.000]
- Rotation: in Quaternion [0.000, 0.000, -0.339, 0.941]
- Rotation: in RPY (radian) [0.000, 0.000, -0.692]
- Rotation: in RPY (degree) [0.000, 0.000, -39.663]
- Matrix:
  0.770  0.638  0.000  0.000
 -0.638  0.770 -0.000  0.000
 -0.000  0.000  1.000  0.000
  0.000  0.000  0.000  1.000
At time 1727763234.478851029
- Translation: [0.591, -0.490, 0.000]
- Rotation: in Quaternion [0.000, 0.000, -0.339, 0.941]
- Rotation: in RPY (radian) [0.000, 0.000, -0.692]
- Rotation: in RPY (degree) [0.000, 0.000, -39.663]
- Matrix:
  0.770  0.638  0.000  0.591
 -0.638  0.770 -0.000 -0.490
 -0.000  0.000  1.000  0.000
  0.000  0.000  0.000  1.000
At time 1727763235.470485262
- Translation: [0.746, -0.465, 0.000]
- Rotation: in Quaternion [0.000, 0.000, -0.772, 0.635]
- Rotation: in RPY (radian) [0.000, 0.000, -1.764]
- Rotation: in RPY (degree) [0.000, 0.000, -101.088]
- Matrix:
 -0.192  0.981  0.000  0.746
 -0.981 -0.192 -0.000 -0.465
 -0.000  0.000  1.000  0.000
  0.000  0.000  0.000  1.000
At time 1727763236.479170128
- Translation: [0.959, -0.767, 0.000]
- Rotation: in Quaternion [0.000, 0.000, 0.057, 0.998]
- Rotation: in RPY (radian) [0.000, -0.000, 0.115]
- Rotation: in RPY (degree) [0.000, -0.000, 6.572]
- Matrix:
  0.993 -0.114  0.000  0.959
  0.114  0.993  0.000 -0.767
  0.000  0.000  1.000  0.000
  0.000  0.000  0.000  1.000
At time 1727763237.470620535
- Translation: [1.811, 0.515, 0.000]
- Rotation: in Quaternion [0.000, 0.000, 0.157, 0.988]
- Rotation: in RPY (radian) [0.000, -0.000, 0.316]
- Rotation: in RPY (degree) [0.000, -0.000, 18.095]
- Matrix:
  0.951 -0.311  0.000  1.811
  0.311  0.951  0.000  0.515
  0.000  0.000  1.000  0.000
  0.000  0.000  0.000  1.000
At time 1727763238.478794293
- Translation: [2.070, -0.021, 0.000]
- Rotation: in Quaternion [0.000, 0.000, 0.050, 0.999]
- Rotation: in RPY (radian) [0.000, -0.000, 0.099]
- Rotation: in RPY (degree) [0.000, -0.000, 5.687]
- Matrix:
  0.995 -0.099  0.000  2.070
  0.099  0.995  0.000 -0.021
  0.000  0.000  1.000  0.000
  0.000  0.000  0.000  1.000
At time 1727763239.471584518
- Translation: [1.848, 0.805, 0.000]
- Rotation: in Quaternion [0.000, 0.000, 0.453, 0.892]
- Rotation: in RPY (radian) [0.000, -0.000, 0.940]
- Rotation: in RPY (degree) [0.000, -0.000, 53.849]
- Matrix:
  0.590 -0.807  0.000  1.848
  0.807  0.590  0.000  0.805
  0.000  0.000  1.000  0.000
  0.000  0.000  0.000  1.000
At time 1727763240.478744037
- Translation: [1.527, 1.419, 0.000]
- Rotation: in Quaternion [0.000, 0.000, 0.644, 0.765]
- Rotation: in RPY (radian) [0.000, -0.000, 1.400]
- Rotation: in RPY (degree) [0.000, -0.000, 80.230]
- Matrix:
  0.170 -0.985  0.000  1.527
  0.985  0.170  0.000  1.419
  0.000  0.000  1.000  0.000
  0.000  0.000  0.000  1.000
At time 1727763241.471347628
- Translation: [2.172, 0.949, 0.000]
- Rotation: in Quaternion [0.000, 0.000, 0.001, 1.000]
- Rotation: in RPY (radian) [0.000, -0.000, 0.003]
- Rotation: in RPY (degree) [0.000, -0.000, 0.161]
- Matrix:
  1.000 -0.003  0.000  2.172
  0.003  1.000  0.000  0.949
  0.000  0.000  1.000  0.000
  0.000  0.000  0.000  1.000
At time 1727763242.479268907
- Translation: [2.201, -0.091, 0.000]
- Rotation: in Quaternion [0.000, 0.000, 0.251, 0.968]
- Rotation: in RPY (radian) [0.000, -0.000, 0.507]
- Rotation: in RPY (degree) [0.000, -0.000, 29.072]
- Matrix:
  0.874 -0.486  0.000  2.201
  0.486  0.874  0.000 -0.091
  0.000  0.000  1.000  0.000
  0.000  0.000  0.000  1.000
At time 1727763243.470454138
- Translation: [2.398, 0.553, 0.000]
- Rotation: in Quaternion [0.000, 0.000, 0.087, 0.996]
- Rotation: in RPY (radian) [0.000, -0.000, 0.173]
- Rotation: in RPY (degree) [0.000, -0.000, 9.936]
- Matrix:
  0.985 -0.173  0.000  2.398
  0.173  0.985  0.000  0.553
  0.000  0.000  1.000  0.000
  0.000  0.000  0.000  1.000
At time 1727763244.479314994
- Translation: [2.660, -0.353, 0.000]
- Rotation: in Quaternion [0.000, 0.000, -0.238, 0.971]
- Rotation: in RPY (radian) [0.000, 0.000, -0.480]
- Rotation: in RPY (degree) [0.000, 0.000, -27.491]
- Matrix:
  0.887  0.462  0.000  2.660
 -0.462  0.887 -0.000 -0.353
 -0.000  0.000  1.000  0.000
  0.000  0.000  0.000  1.000
At time 1727763245.470400385
- Translation: [1.571, -1.068, 0.000]
- Rotation: in Quaternion [0.000, 0.000, -0.701, 0.713]
- Rotation: in RPY (radian) [0.000, 0.000, -1.553]
- Rotation: in RPY (degree) [0.000, 0.000, -88.987]
- Matrix:
  0.018  1.000  0.000  1.571
 -1.000  0.018 -0.000 -1.068
 -0.000  0.000  1.000  0.000
  0.000  0.000  0.000  1.000
At time 1727763246.479194521
- Translation: [2.109, -1.811, 0.000]
- Rotation: in Quaternion [0.000, 0.000, -0.432, 0.902]
- Rotation: in RPY (radian) [0.000, 0.000, -0.893]
- Rotation: in RPY (degree) [0.000, 0.000, -51.163]
- Matrix:
  0.627  0.779  0.000  2.109
 -0.779  0.627 -0.000 -1.811
 -0.000  0.000  1.000  0.000
  0.000  0.000  0.000  1.000
At time 1727763247.471038677
- Translation: [1.659, -0.518, 0.000]
- Rotation: in Quaternion [0.000, 0.000, -0.135, 0.991]
- Rotation: in RPY (radian) [0.000, 0.000, -0.272]
- Rotation: in RPY (degree) [0.000, 0.000, -15.570]
- Matrix:
  0.963  0.268  0.000  1.659
 -0.268  0.963 -0.000 -0.518
 -0.000  0.000  1.000  0.000
  0.000  0.000  0.000  1.000
At time 1727763248.479005444
- Translation: [0.880, -0.125, 0.000]
- Rotation: in Quaternion [0.000, 0.000, 0.015, 1.000]
- Rotation: in RPY (radian) [0.000, -0.000, 0.031]
- Rotation: in RPY (degree) [0.000, -0.000, 1.761]
- Matrix:
  1.000 -0.031  0.000  0.880
  0.031  1.000  0.000 -0.125
  0.000  0.000  1.000  0.000
  0.000  0.000  0.000  1.000
At time 1727763249.470977103
- Translation: [0.450, -0.031, 0.000]
- Rotation: in Quaternion [0.000, 0.000, 0.085, 0.996]
- Rotation: in RPY (radian) [0.000, -0.000, 0.170]
- Rotation: in RPY (degree) [0.000, -0.000, 9.732]
- Matrix:
  0.986 -0.169  0.000  0.450
  0.169  0.986  0.000 -0.031
  0.000  0.000  1.000  0.000
  0.000  0.000  0.000  1.000
At time 1727763250.478987412
- Translation: [0.224, -0.008, 0.000]
- Rotation: in Quaternion [0.000, 0.000, 0.119, 0.993]
- Rotation: in RPY (radian) [0.000, -0.000, 0.239]
- Rotation: in RPY (degree) [0.000, -0.000, 13.715]
- Matrix:
  0.971 -0.237  0.000  0.224
  0.237  0.971  0.000 -0.008
  0.000  0.000  1.000  0.000
  0.000  0.000  0.000  1.000
At time 1727763251.470809969
- Translation: [0.113, -0.002, 0.000]
- Rotation: in Quaternion [0.000, 0.000, 0.136, 0.991]
- Rotation: in RPY (radian) [0.000, -0.000, 0.273]
- Rotation: in RPY (degree) [0.000, -0.000, 15.622]
- Matrix:
  0.963 -0.269  0.000  0.113
  0.269  0.963  0.000 -0.002
  0.000  0.000  1.000  0.000
  0.000  0.000  0.000  1.000

